5192 3896 1549 18821 19096 14486 16165 19502 3914 4886
12983 15517 9174 17073 13378 269 8356 7242 13581 1073
9053 11683 14268 16696 10566 1349 3156 7422 2350 18689
3865 15685 17499 4751 7402 6072 15666 11072 16607 17565
9534 9492 11605 14398 16515 18609 2853 16951 596 5621
1879 9110 3836 1416 12985 14 16749 1769 3838 4494
19048 10598 18507 1799 15456 7484 6103 12903 13769 6650
2631 14729 18221 177 1204 6628 11071 14488 14334 16624
18570 19474 9879 6644 17690 647 13152 8963 950 3223
2310 7033 6627 19149 11788 4548 10276 14750 16799 4617
18157 7226 13912 3163 810 3728 14307 5591 15457 15187
19925 1667 18220 2275 2427 2413 11581 7445 13801 2431
1110 8386 15138 6592 19378 13882 11511 6358 2641 16579
8105 10754 1235 5826 16231 17337 2725 18991 19420 5570
10282 4907 18466 13169 8613 7621 8720 529 6102 19509
12983 15517 9174 17073 13378 269 8356 7242 13581 1073
18926 8350 16754 1616 11917 2900 15562 1887 5795 9007
3194 3114 18773 2086 5264 1817 13569 15241 19284 16712
2310 7033 6627 19149 11788 4548 10276 14750 16799 4617
4973 16064 14558 2492 4823 16183 2452 14628 16778 13815
18023 12601 956 10089 16992 8177 2917 5003 5569 8752
1502 8031 11279 19757 15846 5924 6790 14500 6885 14488
10282 4907 18466 13169 8613 7621 8720 529 6102 19509
9053 11683 14268 16696 10566 1349 3156 7422 2350 18689
11644 10686 14969 12816 13963 702 1655 4113 8140 13278
19793 11680 2166 4559 18197 6815 14520 17954 12244 2051
1946 5371 1799 10465 17 13418 14914 5334 6074 11771
5123 2670 11879 13589 17369 17558 1835 5785 13329 17683
19793 11680 2166 4559 18197 6815 14520 17954 12244 2051
1502 8031 11279 19757 15846 5924 6790 14500 6885 14488
15315 19362 5154 17981 12342 8178 1647 1348 9401 19275
2310 7033 6627 19149 11788 4548 10276 14750 16799 4617
8601 11903 12832 787 6758 3221 2785 3311 8849 3437
3636 8700 16749 11439 636 10289 2342 4343 16714 10746
497 3890 14036 4046 13491 15391 8536 8094 14616 627
10476 10741 7851 3433 4890 143 1781 8306 4466 9825
6274 16528 16374 5632 14575 6720 259 12682 4598 7874
5476 8261 15333 16968 10774 14025 12072 5669 17466 4585
2631 14729 18221 177 1204 6628 11071 14488 14334 16624
166 13906 15551 4437 5502 8156 9889 4395 15541 6688
5123 2670 11879 13589 17369 17558 1835 5785 13329 17683
2239 4498 8759 166 9056 17687 2956 12803 4186 15970
11342 7353 18668 5051 7116 17337 13982 5087 16005 2484
3636 8700 16749 11439 636 10289 2342 4343 16714 10746
1502 8031 11279 19757 15846 5924 6790 14500 6885 14488
15315 19362 5154 17981 12342 8178 1647 1348 9401 19275
4168 9053 3164 5143 18536 13126 3727 11417 13795 4696
7404 13059 7038 10483 19914 11071 15865 12699 13070 13709
16138 9724 18717 4498 6784 12355 12140 17604 2325 578
5863 17629 18884 18573 18913 12000 2885 4031 6871 6098
17537 5626 18572 11674 18947 7006 14133 18864 10567 1226
7680 13325 8869 4744 17883 14068 13759 15107 200 2073
10817 7378 12373 10686 5013 11778 12334 15013 7338 11730
2649 14133 321 10939 16052 14897 6305 6248 8799 518
1110 8386 15138 6592 19378 13882 11511 6358 2641 16579
18809 6068 3002 18525 7524 9487 13232 17091 3513 7588
4973 16064 14558 2492 4823 16183 2452 14628 16778 13815
17537 5626 18572 11674 18947 7006 14133 18864 10567 1226
16961 11832 14500 11555 3487 13752 6815 175 11371 5622
19048 10598 18507 1799 15456 7484 6103 12903 13769 6650
17537 5626 18572 11674 18947 7006 14133 18864 10567 1226
11644 10686 14969 12816 13963 702 1655 4113 8140 13278
2239 4498 8759 166 9056 17687 2956 12803 4186 15970
1502 8031 11279 19757 15846 5924 6790 14500 6885 14488
1812 13470 5861 1491 4800 17368 18154 9316 18847 18755
2310 7033 6627 19149 11788 4548 10276 14750 16799 4617
9524 12528 10877 1038 13275 15110 6302 13088 3565 8860
10688 7757 10534 1042 10298 16359 4115 8453 11820 75
19340 6583 6182 10612 4126 15175 13626 9109 13687 5245
19340 6583 6182 10612 4126 15175 13626 9109 13687 5245
9339 7759 14241 15124 8722 12014 16187 17572 18809 5653
11644 10686 14969 12816 13963 702 1655 4113 8140 13278
6274 16528 16374 5632 14575 6720 259 12682 4598 7874
18023 12601 956 10089 16992 8177 2917 5003 5569 8752
17565 16390 3269 6884 17609 5187 10008 932 15889 16443
4973 16064 14558 2492 4823 16183 2452 14628 16778 13815
9458 6654 19519 5791 15871 4289 15544 361 10476 9174
497 3890 14036 4046 13491 15391 8536 8094 14616 627
14853 11688 6628 17235 17040 17843 3848 4415 336 14415
166 13906 15551 4437 5502 8156 9889 4395 15541 6688
10987 4289 14730 19524 15503 4909 15206 13668 19556 5936
5442 17142 18504 6108 5371 3578 2190 13965 12845 8308
9458 6654 19519 5791 15871 4289 15544 361 10476 9174
5863 17629 18884 18573 18913 12000 2885 4031 6871 6098
1812 13470 5861 1491 4800 17368 18154 9316 18847 18755
3783 13474 1016 18511 3975 13211 5269 3409 4412 12101
3636 8700 16749 11439 636 10289 2342 4343 16714 10746
1879 9110 3836 1416 12985 14 16749 1769 3838 4494
10688 7757 10534 1042 10298 16359 4115 8453 11820 75
1502 8031 11279 19757 15846 5924 6790 14500 6885 14488
10987 4289 14730 19524 15503 4909 15206 13668 19556 5936
497 3890 14036 4046 13491 15391 8536 8094 14616 627
11342 7353 18668 5051 7116 17337 13982 5087 16005 2484
3636 8700 16749 11439 636 10289 2342 4343 16714 10746
18926 8350 16754 1616 11917 2900 15562 1887 5795 9007
11458 15419 18262 18457 18230 7570 9316 19997 1820 6476
11642 5697 8539 19556 2709 7264 6164 13329 14453 8082
5310 5528 13404 16178 18423 13343 18573 2489 19908 1339
1946 5371 1799 10465 17 13418 14914 5334 6074 11771
15071 7996 18109 17798 4537 9524 604 18095 4555 1340
